8电极产测CMD
[14:46:34.412]发→◇C5 1E 10 00 00 00 00 18 01 08 12 00 02 05 00 00 00 00 00 00 00 00 00 00 00 00 00 00 00 00 00 00 CF □
[14:46:34.415]收←◆C6 04 10 60 02 00 B0 
[14:46:35.980]发→◇C5 1E 10 00 00 00 00 18 01 08 12 00 02 05 00 00 00 00 00 00 00 00 00 00 00 00 00 00 00 00 00 00 CF □
[14:46:35.983]收←◆C6 04 10 60 02 00 B0 
[14:46:37.035]发→◇C5 1E 10 00 00 00 00 18 01 08 12 00 02 05 00 00 00 00 00 00 00 00 00 00 00 00 00 00 00 00 00 00 CF □
[14:46:37.040]收←◆C6 04 10 60 02 00 B0 
[14:46:42.107]发→◇C5 01 CC 08 □
[14:46:42.124]收←◆C6 02 CC 01 09 
[14:46:53.836]发→◇C5 1E 10 00 00 00 00 18 01 08 12 00 02 05 00 00 00 00 00 00 00 00 00 00 00 00 00 00 00 00 00 00 CF □
[14:46:53.841]收←◆C6 04 10 63 7A 00 CB 